step,x,y,z,distance
0,-31.875656127929688,11.919404983520508,50.0,945.2186279296875
1.0,-31.902965545654297,11.980098724365234,50.00707244873047,945.2723999023438
2.0,-31.966001510620117,12.13972282409668,50.034915924072266,945.4061889648438
3.0,-32.05344009399414,12.396745681762695,50.086936950683594,945.6094360351562
4.0,-32.15677261352539,12.749813079833984,50.158512115478516,945.8741455078125
5.0,-32.2672119140625,13.196463584899902,50.242950439453125,946.1914672851562
6.0,-32.3739013671875,13.732978820800781,50.33233642578125,946.5502319335938
7.0,-32.4632453918457,14.352885246276855,50.42462921142578,946.9356079101562
8.0,-32.52229309082031,15.046587944030762,50.52545166015625,947.3316040039062
9.0,-32.53748321533203,15.801533699035645,50.642765045166016,947.7203979492188
10.0,-32.49665832519531,16.6025333404541,50.78211212158203,948.0841064453125
11.0,-32.39146423339844,17.43488121032715,50.945350646972656,948.4082641601562
12.0,-32.21689987182617,18.28197479248047,51.133949279785156,948.6803588867188
13.0,-31.970844268798828,19.127687454223633,51.34945297241211,948.890625
14.0,-31.65467071533203,19.956878662109375,51.59218978881836,949.032958984375
15.0,-31.27142906188965,20.7574462890625,51.86165237426758,949.1036987304688
16.0,-30.826072692871094,21.518991470336914,52.1558952331543,949.1021118164062
17.0,-30.323610305786133,22.23098373413086,52.471736907958984,949.0272216796875
18.0,-29.768707275390625,22.885820388793945,52.80610275268555,948.879150390625
19.0,-29.16698455810547,23.47821807861328,53.1565055847168,948.66015625
20.0,-28.52400779724121,24.004840850830078,53.520938873291016,948.373046875
21.0,-27.842235565185547,24.465835571289062,53.8974723815918,948.0200805664062
22.0,-27.12303924560547,24.863561630249023,54.284454345703125,947.6035766601562
23.0,-26.368986129760742,25.20154571533203,54.68094253540039,947.1273803710938
24.0,-25.58177947998047,25.4818115234375,55.08573913574219,946.5940551757812
25.0,-24.76255989074707,25.70647621154785,55.49742126464844,946.0054931640625
26.0,-23.913406372070312,25.877330780029297,55.914154052734375,945.3643188476562
27.0,-23.035249710083008,25.995553970336914,56.334014892578125,944.6719970703125
28.0,-22.129108428955078,26.06121253967285,56.755367279052734,943.92919921875
29.0,-21.196582794189453,26.074724197387695,57.176727294921875,943.1376342773438
30.0,-20.240478515625,26.03678321838379,57.59665298461914,942.2998046875
31.0,-19.26213836669922,25.946916580200195,58.013912200927734,941.4168090820312
32.0,-18.263389587402344,25.80560302734375,58.42751693725586,940.4901733398438
33.0,-17.246732711791992,25.613311767578125,58.83678436279297,939.5223999023438
34.0,-16.215234756469727,25.37083625793457,59.24138259887695,938.5164794921875
35.0,-15.171012878417969,25.07666015625,59.64137268066406,937.4733276367188
36.0,-14.116522789001465,24.73137664794922,60.036903381347656,936.395263671875
37.0,-13.05427074432373,24.337068557739258,60.42816162109375,935.28564453125
38.0,-11.987452507019043,23.896087646484375,60.8155517578125,934.1482543945312
39.0,-10.918631553649902,23.4101505279541,61.199466705322266,932.9862670898438
40.0,-9.847177505493164,22.879409790039062,61.580482482910156,931.799072265625
41.0,-8.773277282714844,22.304405212402344,61.95921325683594,930.5872192382812
42.0,-7.698669910430908,21.687246322631836,62.33631134033203,929.353271484375
43.0,-6.626213550567627,21.03034210205078,62.712398529052734,928.1008911132812
44.0,-5.557811260223389,20.335824966430664,63.08793258666992,926.832763671875
45.0,-4.4961042404174805,19.60578155517578,63.463050842285156,925.5523071289062
46.0,-3.443282127380371,18.841707229614258,63.83781433105469,924.26220703125
47.0,-2.399315595626831,18.045461654663086,64.21248626708984,922.9632568359375
48.0,-1.3658404350280762,17.218095779418945,64.5865707397461,921.6576538085938
49.0,-0.3428974747657776,16.36054229736328,64.95951843261719,920.3456420898438
50.0,0.6713578104972839,15.473753929138184,65.33118438720703,919.0263671875
51.0,1.6787062883377075,14.559054374694824,65.70162963867188,917.6989135742188
52.0,2.679858446121216,13.616515159606934,66.07083129882812,916.3627319335938
53.0,3.6774585247039795,12.646576881408691,66.43871307373047,915.015869140625
54.0,4.669156074523926,11.650485038757324,66.8084945678711,913.6609497070312
55.0,5.651697158813477,10.630754470825195,67.18340301513672,912.3021850585938
56.0,6.625178337097168,9.588475227355957,67.56336975097656,910.9401245117188
57.0,7.590160846710205,8.52454948425293,67.94728088378906,909.57470703125
58.0,8.546585083007812,7.440917015075684,68.33436584472656,908.2071533203125
59.0,9.495695114135742,6.3388543128967285,68.72411346435547,906.8368530273438
60.0,10.438169479370117,5.217986583709717,69.11619567871094,905.4631958007812
61.0,11.375171661376953,4.07856559753418,69.51043701171875,904.0852661132812
62.0,12.307774543762207,2.9228498935699463,69.9067611694336,902.7034301757812
63.0,13.236083030700684,1.7521144151687622,70.30500793457031,901.3181762695312
64.0,14.16024398803711,0.5668932199478149,70.70496368408203,899.9298095703125
65.0,15.08093547821045,-0.6319133639335632,71.10626220703125,898.5379638671875
66.0,15.998339653015137,-1.8434981107711792,71.5085220336914,897.1431274414062
67.0,16.91020965576172,-3.064059257507324,71.91101837158203,895.7491455078125
68.0,17.815881729125977,-4.29038143157959,72.31368255615234,894.3582763671875
69.0,18.716171264648438,-5.522030830383301,72.71656799316406,892.9698486328125
70.0,19.611534118652344,-6.758991718292236,73.11972045898438,891.583740234375
71.0,20.502277374267578,-7.999226093292236,73.52325439453125,890.2005615234375
72.0,21.389448165893555,-9.24316120147705,73.92713928222656,888.8192749023438
73.0,22.272642135620117,-10.489862442016602,74.33129119873047,887.4407958984375
74.0,23.151582717895508,-11.737564086914062,74.73561096191406,886.0661010742188
75.0,24.028776168823242,-12.987630844116211,75.14019012451172,884.6924438476562
76.0,24.90582275390625,-14.240291595458984,75.54505157470703,883.3182983398438
77.0,25.782793045043945,-15.496796607971191,75.9500961303711,881.9430541992188
78.0,26.6595458984375,-16.75660514831543,76.35517120361328,880.5669555664062
79.0,27.53561019897461,-18.015911102294922,76.75997924804688,879.1925048828125
80.0,28.414579391479492,-19.27099609375,77.14826965332031,877.8178100585938
81.0,29.29830551147461,-20.524085998535156,77.51883697509766,876.4401245117188
82.0,30.185667037963867,-21.777990341186523,77.8793716430664,875.0591430664062
83.0,31.07601547241211,-23.03264045715332,78.23379516601562,873.67578125
84.0,31.967988967895508,-24.286848068237305,78.58417510986328,872.2916870117188
85.0,32.860626220703125,-25.540433883666992,78.93180847167969,870.907958984375
86.0,33.754188537597656,-26.792724609375,79.27989959716797,869.524658203125
87.0,34.647865295410156,-28.045759201049805,79.62966918945312,868.1417236328125
88.0,35.54132080078125,-29.2993106842041,79.98082733154297,866.7593383789062
89.0,36.433345794677734,-30.552350997924805,80.33319091796875,865.3792724609375
90.0,37.32802963256836,-31.80850601196289,80.69229125976562,863.9962158203125
91.0,38.22553253173828,-33.067630767822266,81.05774688720703,862.610107421875
92.0,39.126258850097656,-34.327491760253906,81.42586517333984,861.2216796875
93.0,40.032379150390625,-35.5855598449707,81.79468536376953,859.8302001953125
94.0,40.94631576538086,-36.84012985229492,82.1630859375,858.4342651367188
95.0,41.867774963378906,-38.092185974121094,82.5304183959961,857.0335693359375
96.0,42.797359466552734,-39.34302520751953,82.896240234375,855.6271362304688
97.0,43.735511779785156,-40.5909309387207,83.26006317138672,854.2152099609375
98.0,44.680965423583984,-41.83473587036133,83.62147521972656,852.7994995117188
99.0,45.629859924316406,-43.075313568115234,83.97999572753906,851.3828735351562
100.0,46.58112716674805,-44.311866760253906,84.33529663085938,849.9666748046875
101.0,47.5361328125,-45.5425910949707,84.687255859375,848.5504760742188
102.0,48.49219512939453,-46.7681770324707,85.04249572753906,847.1366577148438
103.0,49.44784164428711,-47.987735748291016,85.40640258789062,845.7271728515625
104.0,50.40461349487305,-49.20163345336914,85.7803726196289,844.3204345703125
105.0,51.360286712646484,-50.4106330871582,86.175048828125,842.9185791015625
106.0,52.31440734863281,-51.61383819580078,86.58812713623047,841.5223388671875
107.0,53.27109146118164,-52.810733795166016,87.01166534423828,840.1279907226562
108.0,54.2448844909668,-53.996543884277344,87.44406127929688,838.72509765625
109.0,55.24300003051758,-55.16836166381836,87.88268280029297,837.3085327148438
110.0,56.264278411865234,-56.323883056640625,88.32376861572266,835.8802490234375
111.0,57.30992889404297,-57.461090087890625,88.76483154296875,834.4398803710938
112.0,58.38412857055664,-58.576744079589844,89.18885803222656,832.9845581054688
113.0,59.4881477355957,-59.66864776611328,89.59318542480469,831.5140991210938
114.0,60.61920166015625,-60.7368049621582,89.98426818847656,830.0309448242188
115.0,61.774505615234375,-61.78176498413086,90.3655776977539,828.5375366210938
116.0,62.94614028930664,-62.8068962097168,90.74295043945312,827.0394897460938
117.0,64.10521697998047,-63.81977462768555,91.1143569946289,825.558349609375
118.0,65.24724578857422,-64.82562255859375,91.48277282714844,824.0957641601562
119.0,66.38029479980469,-65.82721710205078,91.85115051269531,822.6434326171875
120.0,67.50835418701172,-66.82666015625,92.21926879882812,821.1968994140625
121.0,68.63204956054688,-67.82612609863281,92.58677673339844,819.7545166015625
122.0,69.74988555908203,-68.82657623291016,92.95341491699219,818.3172607421875
123.0,70.86157989501953,-69.83104705810547,93.31913757324219,816.8837280273438
124.0,71.96752166748047,-70.8408432006836,93.6838607788086,815.453125
125.0,73.06688690185547,-71.85752868652344,94.04753875732422,814.025390625
126.0,74.16065979003906,-72.88125610351562,94.4102554321289,812.5996704101562
127.0,75.2534408569336,-73.9142074584961,94.77230834960938,811.1708984375
128.0,76.344482421875,-74.95340728759766,95.13317108154297,809.7410278320312
129.0,77.43782806396484,-76.0057144165039,95.49339294433594,808.3033447265625
130.0,78.53043365478516,-77.06949615478516,95.85260772705078,806.861328125
131.0,79.62471008300781,-78.13916778564453,96.2104263305664,805.41552734375
132.0,80.73845672607422,-79.19605255126953,96.56280517578125,803.9586181640625
133.0,81.88365936279297,-80.24482727050781,96.91061401367188,802.47802734375
134.0,83.04956817626953,-81.2873764038086,97.25382995605469,800.982177734375
135.0,84.23560333251953,-82.32424926757812,97.59202575683594,799.4713745117188
136.0,85.43955993652344,-83.34809875488281,97.92501068115234,797.950927734375
137.0,86.64971923828125,-84.3627700805664,98.25350189208984,796.4293823242188
138.0,87.8709716796875,-85.35845184326172,98.57738494873047,794.906982421875
139.0,89.10618591308594,-86.3365478515625,98.89542388916016,793.38037109375
140.0,90.35623168945312,-87.2922134399414,99.20745849609375,791.8511962890625
141.0,91.61930847167969,-88.2256851196289,99.5127944946289,790.320556640625
142.0,92.89282989501953,-89.14054870605469,99.81139373779297,788.789306640625
143.0,94.18013000488281,-90.042724609375,100.1275634765625,787.2531127929688
144.0,95.48332214355469,-90.92967987060547,100.46134185791016,785.7113647460938
145.0,96.80171966552734,-91.79972839355469,100.80589294433594,784.1651000976562
146.0,98.13420867919922,-92.64488983154297,101.15181732177734,782.6181640625
147.0,99.47899627685547,-93.46682739257812,101.50520324707031,781.072021484375
148.0,100.82556915283203,-94.28311920166016,101.83293914794922,779.5254516601562
149.0,102.18224334716797,-95.09258270263672,102.12784576416016,777.9711303710938
150.0,103.55069732666016,-95.88809204101562,102.40315246582031,776.411865234375
151.0,104.92701721191406,-96.66680145263672,102.66477966308594,774.8526611328125
152.0,106.31314086914062,-97.42469787597656,102.91609954833984,773.2939453125
153.0,107.71582794189453,-98.14405059814453,103.14692687988281,771.7371826171875
154.0,109.13684844970703,-98.82967376708984,103.3615493774414,770.1788940429688
155.0,110.57415008544922,-99.49198150634766,103.56568908691406,768.6163940429688
156.0,112.01630401611328,-100.13372039794922,103.76193237304688,767.058837890625
157.0,113.46245574951172,-100.76437377929688,103.95242309570312,765.5025634765625
158.0,114.87323760986328,-101.40755462646484,104.18115234375,763.974609375
159.0,116.24446105957031,-102.08112335205078,104.46640014648438,762.4716186523438
160.0,117.61585998535156,-102.74928283691406,104.73656463623047,760.9700927734375
161.0,119.01360321044922,-103.40133666992188,104.96540069580078,759.4500122070312
162.0,120.4298095703125,-104.04678344726562,105.16321563720703,757.91455078125
163.0,121.85742950439453,-104.6839599609375,105.33501434326172,756.3712158203125
164.0,123.29043579101562,-105.31127166748047,105.4845199584961,754.8261108398438
165.0,124.7287826538086,-105.92498779296875,105.62016296386719,753.2816772460938
166.0,126.1318588256836,-106.55016326904297,105.79612731933594,751.7661743164062
167.0,127.51832580566406,-107.169677734375,105.97389221191406,750.2681884765625
168.0,128.9193115234375,-107.77271270751953,106.12704467773438,748.7633666992188
169.0,130.30467224121094,-108.39989471435547,106.29984283447266,747.2626342773438
170.0,131.6719970703125,-109.05926513671875,106.49876403808594,745.7650146484375
171.0,133.03878784179688,-109.69306182861328,106.67483520507812,744.278076171875
172.0,134.42408752441406,-110.2881851196289,106.81787109375,742.7904663085938
173.0,135.82945251464844,-110.85615539550781,106.94087982177734,741.2963256835938
174.0,137.24986267089844,-111.4106216430664,107.03883361816406,739.7933959960938
175.0,138.68722534179688,-111.9543228149414,107.10882568359375,738.2785034179688
176.0,140.14389038085938,-112.47549438476562,107.1424789428711,736.75439453125
177.0,141.62490844726562,-112.9732437133789,107.14118957519531,735.2171630859375
178.0,143.1183624267578,-113.4448013305664,107.1132583618164,733.67919921875
179.0,144.61962890625,-113.88279724121094,107.06520080566406,732.1484985351562
180.0,146.13536071777344,-114.28802490234375,107.00065612792969,730.6193237304688
181.0,147.6614990234375,-114.65794372558594,106.92243957519531,729.0966186523438
182.0,149.19155883789062,-114.9932632446289,106.8334732055664,727.5861206054688
183.0,150.7239990234375,-115.29524230957031,106.7354736328125,726.088623046875
184.0,152.25721740722656,-115.56627655029297,106.63053131103516,724.604736328125
185.0,153.79080200195312,-115.80729675292969,106.51994323730469,723.134521484375
186.0,155.32235717773438,-116.00133514404297,106.40155792236328,721.6879272460938
187.0,156.85548400878906,-116.14859771728516,106.28471374511719,720.2626342773438
188.0,158.35440063476562,-116.3114013671875,106.21381378173828,718.8641357421875
189.0,159.8118133544922,-116.52169799804688,106.2040786743164,717.4847412109375
190.0,161.2469024658203,-116.77399444580078,106.24088287353516,716.109130859375
191.0,162.66725158691406,-117.06613159179688,106.31228637695312,714.7305908203125
192.0,164.07472229003906,-117.39816284179688,106.40876007080078,713.3466186523438
193.0,165.46963500976562,-117.77227783203125,106.52350616455078,711.9554443359375
194.0,166.8508758544922,-118.19148254394531,106.65180969238281,710.5560302734375
195.0,168.21371459960938,-118.65747833251953,106.7901382446289,709.1515502929688
196.0,169.55593872070312,-119.17113494873047,106.93647766113281,707.7432861328125
197.0,170.8719482421875,-119.73335266113281,107.0928955078125,706.3358154296875
198.0,172.15921020507812,-120.34410858154297,107.25971221923828,704.9313354492188
199.0,173.4200439453125,-121.00359344482422,107.43120574951172,703.52734375
200.0,174.6434783935547,-121.71318054199219,107.61357879638672,702.1331787109375
201.0,175.82810974121094,-122.47219848632812,107.80836486816406,700.7506713867188
202.0,176.9848175048828,-123.27738189697266,108.01171875,699.3715209960938
203.0,178.12216186523438,-124.12673950195312,108.22364807128906,697.9891967773438
204.0,179.2432403564453,-125.01789855957031,108.44649505615234,696.6024169921875
205.0,180.35003662109375,-125.94773864746094,108.68022155761719,695.2109375
206.0,181.44606018066406,-126.91255950927734,108.92216491699219,693.8133544921875
207.0,182.53610229492188,-127.90972900390625,109.1697769165039,692.4064331054688
208.0,183.6222381591797,-128.9366912841797,109.4210205078125,690.9895629882812
209.0,184.71417236328125,-129.98414611816406,109.65951538085938,689.5573120117188
210.0,185.8162841796875,-131.05067443847656,109.8819580078125,688.1060791015625
211.0,186.921875,-132.1380157470703,110.09357452392578,686.6414794921875
212.0,188.0232391357422,-133.243896484375,110.29700469970703,685.1715698242188
213.0,189.11672973632812,-134.3651123046875,110.49401092529297,683.7012939453125
214.0,190.199462890625,-135.4996795654297,110.68522644042969,682.234130859375
215.0,191.26962280273438,-136.6469268798828,110.87071990966797,680.7720336914062
216.0,192.3287811279297,-137.80789184570312,111.05010986328125,679.313232421875
217.0,193.3765106201172,-138.9804229736328,111.22232818603516,677.8589477539062
218.0,194.41415405273438,-140.16407775878906,111.38554382324219,676.4080200195312
219.0,195.4395294189453,-141.35987854003906,111.54183197021484,674.9622802734375
220.0,196.44851684570312,-142.5691375732422,111.69618225097656,673.525146484375
221.0,197.44015502929688,-143.79150390625,111.85211181640625,672.097900390625
222.0,198.414794921875,-145.02589416503906,112.01148223876953,670.6812133789062
223.0,199.3743133544922,-146.27310180664062,112.17521667480469,669.27294921875
224.0,200.31968688964844,-147.5324249267578,112.34329986572266,667.8728637695312
225.0,201.25225830078125,-148.80096435546875,112.5154800415039,666.48095703125
226.0,202.17343139648438,-150.07479858398438,112.69151306152344,665.097900390625
227.0,203.0869903564453,-151.354736328125,112.87120819091797,663.7200317382812
228.0,203.994384765625,-152.6412811279297,113.0543441772461,662.3458251953125
229.0,204.89669799804688,-153.93136596679688,113.24059295654297,660.9757080078125
230.0,205.78346252441406,-155.22540283203125,113.44694519042969,659.6204833984375
231.0,206.6557159423828,-156.52212524414062,113.6718521118164,658.2796630859375
232.0,207.52236938476562,-157.81674194335938,113.90521240234375,656.9466552734375
233.0,208.3905029296875,-159.1063690185547,114.1422119140625,655.6160278320312
234.0,209.264404296875,-160.3890838623047,114.3799057006836,654.2845458984375
235.0,210.14537048339844,-161.66455078125,114.61654663085938,652.9509887695312
236.0,211.0338134765625,-162.93223571777344,114.8510971069336,651.6151733398438
237.0,211.9304656982422,-164.19235229492188,115.08307647705078,650.2761840820312
238.0,212.83689880371094,-165.44625854492188,115.31224060058594,648.9320068359375
239.0,213.75277709960938,-166.692626953125,115.53826904296875,647.58349609375
240.0,214.6753387451172,-167.93032836914062,115.76110076904297,646.2335815429688
241.0,215.6044921875,-169.15875244140625,115.9808120727539,644.882568359375
242.0,216.5401153564453,-170.3795928955078,116.19762420654297,643.5297241210938
243.0,217.48236083984375,-171.59349060058594,116.41177368164062,642.1746826171875
244.0,218.43028259277344,-172.80152893066406,116.6233139038086,640.8178100585938
245.0,219.3835906982422,-174.00416564941406,116.83232879638672,639.4591674804688
246.0,220.3415985107422,-175.2002716064453,117.03887176513672,638.0997924804688
247.0,221.3048095703125,-176.39071655273438,117.2430419921875,636.7388305664062
248.0,222.273193359375,-177.57630920410156,117.44490051269531,635.3760375976562
249.0,223.2462921142578,-178.75730895996094,117.64447784423828,634.0115966796875
250.0,224.22389221191406,-179.9354248046875,117.84180450439453,632.6449584960938
251.0,225.20394897460938,-181.1103515625,118.03687286376953,631.2780151367188
252.0,226.1866912841797,-182.2816925048828,118.22978210449219,629.9109497070312
253.0,227.17208862304688,-183.44927978515625,118.4206314086914,628.5435791015625
254.0,228.16065979003906,-184.61337280273438,118.60945892333984,627.1755981445312
255.0,229.15200805664062,-185.77381896972656,118.79623413085938,625.8072509765625
256.0,230.14512634277344,-186.931396484375,118.98099517822266,624.4390258789062
257.0,231.1390380859375,-188.08619689941406,119.16376495361328,623.0718994140625
258.0,232.13304138183594,-189.24041748046875,119.34465026855469,621.7054443359375
259.0,233.13197326660156,-190.3914337158203,119.51470947265625,620.3356323242188
260.0,234.13584899902344,-191.5391082763672,119.67434692382812,618.9622802734375
261.0,235.1417236328125,-192.68539428710938,119.82862091064453,617.5879516601562
262.0,236.1481170654297,-193.83248901367188,119.97990417480469,616.2132568359375
263.0,237.15447998046875,-194.98065185546875,120.12944030761719,614.838623046875
264.0,238.16067504882812,-196.12974548339844,120.27793884277344,613.4644165039062
265.0,239.16653442382812,-197.2777862548828,120.42572021484375,612.0916137695312
266.0,240.1696319580078,-198.42340087890625,120.57292175292969,610.7230224609375
267.0,241.1707763671875,-199.56980895996094,120.71973419189453,609.3565673828125
268.0,242.17095947265625,-200.71835327148438,120.8662338256836,607.9908447265625
269.0,243.17027282714844,-201.8687744140625,121.01248168945312,606.6257934570312
270.0,244.1691436767578,-203.0203399658203,121.1584701538086,605.2615356445312
271.0,245.16709899902344,-204.1719512939453,121.30404663085938,603.8987426757812
272.0,246.16473388671875,-205.32373046875,121.44911193847656,602.5369873046875
273.0,247.16207885742188,-206.4751434326172,121.59357452392578,601.1763305664062
274.0,248.15870666503906,-207.62554931640625,121.73738861083984,599.8175659179688
275.0,249.1548309326172,-208.77647399902344,121.8804931640625,598.459716796875
276.0,250.15164184570312,-209.9294891357422,122.02293395996094,597.1011352539062
277.0,251.14959716796875,-211.0848388671875,122.1646957397461,595.7412719726562
278.0,252.14788818359375,-212.24163818359375,122.3056869506836,594.38134765625
279.0,253.14544677734375,-213.39859008789062,122.4458999633789,593.022705078125
280.0,254.14352416992188,-214.555419921875,122.58540344238281,591.6644287109375
281.0,255.1425323486328,-215.71266174316406,122.724365234375,590.3059692382812
282.0,256.1418151855469,-216.87135314941406,122.86296081542969,588.9474487304688
283.0,257.1416320800781,-218.0306854248047,123.00127410888672,587.5890502929688
284.0,258.142333984375,-219.1898956298828,123.13933563232422,586.2307739257812
285.0,259.1436462402344,-220.3483428955078,123.27723693847656,584.873046875
286.0,260.14599609375,-221.50599670410156,123.41463470458984,583.515625
287.0,261.14892578125,-222.6633758544922,123.55120849609375,582.1585083007812
288.0,262.153564453125,-223.8194122314453,123.686767578125,580.8012084960938
289.0,263.1608581542969,-224.97320556640625,123.82120513916016,579.4430541992188
290.0,264.17022705078125,-226.12489318847656,123.95443725585938,578.084716796875
291.0,265.1818542480469,-227.27406311035156,124.08646392822266,576.7258911132812
292.0,266.1944274902344,-228.42135620117188,124.21727752685547,575.3678588867188
293.0,267.2072448730469,-229.56759643554688,124.346923828125,574.0106811523438
294.0,268.2217712402344,-230.71347045898438,124.4754867553711,572.6528930664062
295.0,269.23870849609375,-231.8587188720703,124.60296630859375,571.2939453125
296.0,270.2574157714844,-233.0032958984375,124.72930908203125,569.9342651367188
297.0,271.2787780761719,-234.1470947265625,124.85453033447266,568.5733032226562
298.0,272.3034973144531,-235.29054260253906,124.97859191894531,567.2102661132812
299.0,273.3306579589844,-236.43502807617188,125.10152435302734,565.84521484375
300.0,274.35943603515625,-237.5787353515625,125.22329711914062,564.4798583984375
301.0,275.3888854980469,-238.7213134765625,125.34388732910156,563.114990234375
302.0,276.41729736328125,-239.86260986328125,125.46334838867188,561.75244140625
303.0,277.4437561035156,-241.00257873535156,125.5817642211914,560.3928833007812
304.0,278.4681091308594,-242.1417999267578,125.6991958618164,559.036376953125
305.0,279.4919128417969,-243.2803497314453,125.81570434570312,557.681396484375
306.0,280.51617431640625,-244.4182586669922,125.93122100830078,556.3270263671875
307.0,281.5418395996094,-245.5555877685547,126.04573822021484,554.9724731445312
308.0,282.569091796875,-246.69265747070312,126.15917205810547,553.6173095703125
309.0,283.5960693359375,-247.8291778564453,126.27153778076172,552.263427734375
310.0,284.6223449707031,-248.96482849121094,126.38291931152344,550.9113159179688
311.0,285.6490783691406,-250.10020446777344,126.49337005615234,549.5596923828125
312.0,286.6758728027344,-251.2355499267578,126.60286712646484,548.2089233398438
313.0,287.702392578125,-252.3689422607422,126.71135711669922,546.8599243164062
314.0,288.7281494140625,-253.4997100830078,126.81884002685547,545.513427734375
315.0,289.75396728515625,-254.6283721923828,126.92534637451172,544.1685180664062
316.0,290.780029296875,-255.7545928955078,127.03081512451172,542.8250732421875
317.0,291.80731201171875,-256.87884521484375,127.13524627685547,541.4820556640625
318.0,292.8345947265625,-258.0015869140625,127.23860931396484,540.1404418945312
319.0,293.8616027832031,-259.12274169921875,127.34093475341797,538.8004760742188
320.0,294.88848876953125,-260.24273681640625,127.44227600097656,537.4619140625
321.0,295.9168395996094,-261.3621826171875,127.54269409179688,536.1229858398438
322.0,296.94757080078125,-262.48126220703125,127.64215850830078,534.7828979492188
323.0,297.98016357421875,-263.5989685058594,127.74061584472656,533.4424438476562
324.0,299.0145568847656,-264.71466064453125,127.83805847167969,532.1018676757812
325.0,300.050537109375,-265.82879638671875,127.9344711303711,530.76123046875
326.0,301.0879211425781,-266.9432373046875,128.02992248535156,529.4200439453125
327.0,302.127197265625,-268.0569763183594,128.12442016601562,528.0781860351562
328.0,303.16766357421875,-269.1697998046875,128.2179412841797,526.7364501953125
329.0,304.2084655761719,-270.281982421875,128.31053161621094,525.3955078125
330.0,305.25006103515625,-271.3932189941406,128.40231323242188,524.0550537109375
331.0,306.2937927246094,-272.5038146972656,128.49330139160156,522.7137451171875
332.0,307.339111328125,-273.6130065917969,128.58349609375,521.3723754882812
333.0,308.38519287109375,-274.72027587890625,128.67291259765625,520.0318603515625
334.0,309.4326477050781,-275.8265075683594,128.7615966796875,518.6913452148438
335.0,310.4811096191406,-276.9329528808594,128.8496551513672,517.3507080078125
336.0,311.52972412109375,-278.03851318359375,128.9370574951172,516.0112915039062
337.0,312.57769775390625,-279.14190673828125,129.02383422851562,514.674072265625
338.0,313.62506103515625,-280.24298095703125,129.10992431640625,513.339111328125
339.0,314.6717224121094,-281.3428039550781,129.19537353515625,512.0062255859375
340.0,315.7182922363281,-282.4418640136719,129.2801513671875,510.6746520996094
341.0,316.7648620605469,-283.5397644042969,129.36422729492188,509.3443908691406
342.0,317.8121643066406,-284.63629150390625,129.44754028320312,508.0148620605469
343.0,318.8611755371094,-285.7315368652344,129.5301055908203,506.68511962890625
344.0,319.9122009277344,-286.8269348144531,129.61192321777344,505.3544006347656
345.0,320.9647521972656,-287.9199523925781,129.6929931640625,504.02398681640625
346.0,322.0183410644531,-289.00958251953125,129.77328491210938,502.6947021484375
347.0,323.0721130371094,-290.09527587890625,129.85281372070312,501.36749267578125
348.0,324.12567138671875,-291.1792297363281,129.93165588378906,500.0420227050781
349.0,325.1789855957031,-292.2636413574219,130.00994873046875,498.7176208496094
350.0,326.2323913574219,-293.34796142578125,130.0877685546875,497.3941345214844
351.0,327.2873229980469,-294.432373046875,130.1651611328125,496.07025146484375
352.0,328.3456726074219,-295.5176696777344,130.24208068847656,494.7439270019531
353.0,329.40618896484375,-296.60198974609375,130.3184356689453,493.4168701171875
354.0,330.4673156738281,-297.6846923828125,130.39418029785156,492.0907897949219
355.0,331.5288391113281,-298.7664489746094,130.46934509277344,490.7656555175781
356.0,332.5907287597656,-299.84613037109375,130.54396057128906,489.4418640136719
357.0,333.653564453125,-300.92462158203125,130.61798095703125,488.11859130859375
358.0,334.71673583984375,-302.0014953613281,130.6913604736328,486.7965393066406
359.0,335.7798156738281,-303.077392578125,130.76409912109375,485.4759216308594
360.0,336.8441467285156,-304.15338134765625,130.8363037109375,484.15509033203125
361.0,337.9100036621094,-305.22900390625,130.90794372558594,482.83404541015625
362.0,338.9773864746094,-306.3045349121094,130.97898864746094,481.51263427734375
363.0,340.0457763671875,-307.38055419921875,131.0493621826172,480.191162109375
364.0,341.11602783203125,-308.4571533203125,131.11920166015625,478.868896484375
365.0,342.1894226074219,-309.53497314453125,131.18856811523438,477.5443420410156
366.0,343.2650146484375,-310.6126403808594,131.25741577148438,476.2189025878906
367.0,344.3429260253906,-311.6876220703125,131.3257598876953,474.8931884765625
368.0,345.42498779296875,-312.760009765625,131.39353942871094,473.5654602050781
369.0,346.5102233886719,-313.8300476074219,131.460693359375,472.236572265625
370.0,347.59771728515625,-314.8979797363281,131.52713012695312,470.9072570800781
371.0,348.6867370605469,-315.9639892578125,131.59291076660156,469.5781555175781
372.0,349.7770690917969,-317.0283508300781,131.65805053710938,468.2494201660156
373.0,350.86981201171875,-318.091552734375,131.72251892089844,466.9197998046875
374.0,351.9642028808594,-319.15338134765625,131.78634643554688,465.5901794433594
375.0,353.0606994628906,-320.2140808105469,131.8495330810547,464.25994873046875
376.0,354.1605224609375,-321.2735900878906,131.9120635986328,462.9280700683594
377.0,355.26214599609375,-322.330810546875,131.97390747070312,461.59625244140625
378.0,356.3647766113281,-323.385986328125,132.03504943847656,460.26519775390625
379.0,357.4681396484375,-324.43890380859375,132.09556579589844,458.9351501464844
380.0,358.57366943359375,-325.4889831542969,132.15548706054688,457.60504150390625
381.0,359.6806945800781,-326.5359802246094,132.21481323242188,456.2754821777344
382.0,360.7879333496094,-327.5810241699219,132.27365112304688,454.9474182128906
383.0,361.8947448730469,-328.6236572265625,132.33204650878906,453.6216125488281
384.0,363.0022277832031,-329.6637878417969,132.39002990722656,452.2969970703125
385.0,364.10992431640625,-330.70233154296875,132.44766235351562,450.97381591796875
386.0,365.2160949707031,-331.73870849609375,132.50491333007812,449.6538391113281
387.0,366.3197021484375,-332.7724914550781,132.5618438720703,448.3381652832031
388.0,367.4197692871094,-333.8041687011719,132.6184844970703,447.0276184082031
389.0,368.51806640625,-334.83282470703125,132.67494201660156,445.72076416015625
390.0,369.61627197265625,-335.8597717285156,132.73126220703125,444.41571044921875
391.0,370.714599609375,-336.8855895996094,132.78733825683594,443.1120910644531
392.0,371.81341552734375,-337.9105224609375,132.8431854248047,441.8094482421875
393.0,372.9137268066406,-338.9356384277344,132.89878845214844,440.506591796875
394.0,374.01617431640625,-339.96026611328125,132.95413208007812,439.2030334472656
395.0,375.12127685546875,-340.9834289550781,133.00904846191406,437.89862060546875
396.0,376.2281799316406,-342.0035095214844,133.06336975097656,436.594482421875
397.0,377.3370666503906,-343.0216369628906,133.11697387695312,435.2901611328125
398.0,378.4476318359375,-344.0363464355469,133.16981506347656,433.98626708984375
399.0,379.5609130859375,-345.0476989746094,133.22177124023438,432.6817932128906
400.0,380.6761169433594,-346.0556640625,133.27284240722656,431.37750244140625
401.0,381.79296875,-347.05926513671875,133.32305908203125,430.07391357421875
402.0,382.9118347167969,-348.0593566894531,133.37242126464844,428.7704162597656
403.0,384.03204345703125,-349.05609130859375,133.4210205078125,427.4676513671875
404.0,385.152587890625,-350.050048828125,133.46900939941406,426.1664123535156
405.0,386.2732849121094,-351.04132080078125,133.51649475097656,424.8669128417969
406.0,387.3956298828125,-352.0293884277344,133.5635528564453,423.5678405761719
407.0,388.5184020996094,-353.0127258300781,133.61019897460938,422.270751953125
408.0,389.6392517089844,-353.9889221191406,133.65635681152344,420.9784240722656
409.0,390.7591247558594,-354.95947265625,133.70205688476562,419.6895751953125
410.0,391.87811279296875,-355.9275207519531,133.74737548828125,418.4033508300781
411.0,392.9976806640625,-356.8943786621094,133.7924346923828,417.1181335449219
412.0,394.1194763183594,-357.85906982421875,133.83726501464844,415.8325500488281
413.0,395.2423400878906,-358.8218078613281,133.8817596435547,414.547607421875
414.0,396.36572265625,-359.7825927734375,133.92596435546875,413.2638854980469
415.0,397.4912414550781,-360.7423095703125,133.96990966796875,411.9796447753906
416.0,398.62158203125,-361.701904296875,134.0135955810547,410.6921081542969
417.0,399.7575988769531,-362.6612548828125,134.05690002441406,409.40045166015625
418.0,400.8992919921875,-363.6190490722656,134.09970092773438,408.10498046875
419.0,402.04833984375,-364.5754699707031,134.14187622070312,406.80401611328125
420.0,403.2037658691406,-365.5312194824219,134.18331909179688,405.49835205078125
421.0,404.36431884765625,-366.48602294921875,134.22409057617188,404.189208984375
422.0,405.52813720703125,-367.4384460449219,134.26416015625,402.878662109375
423.0,406.6934814453125,-368.3881530761719,134.3035430908203,401.5684814453125
424.0,407.8612365722656,-369.3358459472656,134.34231567382812,400.2576599121094
425.0,409.02947998046875,-370.281005859375,134.38047790527344,398.94818115234375
426.0,410.19903564453125,-371.2245178222656,134.4181671142578,397.6390686035156
427.0,411.3720703125,-372.1665954589844,134.45538330078125,396.3282165527344
428.0,412.5486145019531,-373.1076965332031,134.4920196533203,395.01544189453125
429.0,413.7268981933594,-374.0481872558594,134.5281524658203,393.70245361328125
430.0,414.90533447265625,-374.98828125,134.5639190673828,392.3907165527344
431.0,416.0825500488281,-375.9284973144531,134.5995635986328,391.0815124511719
432.0,417.2611999511719,-376.8683776855469,134.63531494140625,389.7724609375
433.0,418.4425964355469,-377.8081970214844,134.6711883544922,388.46221923828125
434.0,419.627685546875,-378.7479553222656,134.7070770263672,387.1499938964844
435.0,420.8139953613281,-379.6858825683594,134.74293518066406,385.83837890625
436.0,422.0000915527344,-380.620361328125,134.77886962890625,384.5291442871094
437.0,423.1866149902344,-381.55133056640625,134.81492614746094,383.2217102050781
438.0,424.37451171875,-382.47772216796875,134.8511199951172,381.9153747558594
439.0,425.56390380859375,-383.39959716796875,134.88739013671875,380.60992431640625
440.0,426.7547302246094,-384.3180236816406,134.9236297607422,379.3052673339844
441.0,427.94659423828125,-385.23382568359375,134.95985412597656,378.0015563964844
442.0,429.13970947265625,-386.1472473144531,134.9961700439453,376.6986083984375
443.0,430.3347473144531,-387.05712890625,135.03260803222656,375.39599609375
444.0,431.5314025878906,-387.9633483886719,135.0691375732422,374.0940246582031
445.0,432.7290344238281,-388.8661804199219,135.10574340820312,372.7932434082031
446.0,433.92913818359375,-389.7671203613281,135.14251708984375,371.4919738769531
447.0,435.13262939453125,-390.66705322265625,135.17945861816406,370.189208984375
448.0,436.3395080566406,-391.5661315917969,135.21656799316406,368.8848876953125
449.0,437.55126953125,-392.4617919921875,135.2537841796875,367.57806396484375
450.0,438.7674255371094,-393.35302734375,135.2907257080078,366.2692565917969
451.0,439.986083984375,-394.2409362792969,135.32716369628906,364.96002197265625
452.0,441.206298828125,-395.1245422363281,135.3630828857422,363.6514587402344
453.0,442.42803955078125,-396.0032043457031,135.39859008789062,362.34368896484375
454.0,443.6516418457031,-396.87744140625,135.43359375,361.0362854003906
455.0,444.8778076171875,-397.7471008300781,135.46817016601562,359.7286071777344
456.0,446.10784912109375,-398.6131591796875,135.50221252441406,358.4192199707031
457.0,447.3404541015625,-399.4781799316406,135.5356903076172,357.1089172363281
458.0,448.57489013671875,-400.3400573730469,135.56883239746094,355.798828125
459.0,449.8092956542969,-401.1970520019531,135.60169982910156,354.4909973144531
460.0,451.0449523925781,-402.0503234863281,135.6343994140625,353.18408203125
461.0,452.28021240234375,-402.89910888671875,135.66702270507812,351.8797302246094
462.0,453.51641845703125,-403.74560546875,135.69967651367188,350.5763854980469
463.0,454.75445556640625,-404.5896911621094,135.73245239257812,349.27325439453125
464.0,455.9957275390625,-405.4305114746094,135.76527404785156,347.96905517578125
465.0,457.2399597167969,-406.2689208984375,135.79808044433594,346.6639709472656
466.0,458.48638916015625,-407.1050109863281,135.8308563232422,345.3586730957031
467.0,459.7340087890625,-407.93902587890625,135.86361694335938,344.05413818359375
468.0,460.98321533203125,-408.7696533203125,135.89662170410156,342.75018310546875
469.0,462.2357482910156,-409.59783935546875,135.92979431152344,341.445068359375
470.0,463.4923400878906,-410.4236145019531,135.96295166015625,340.1379699707031
471.0,464.7515563964844,-411.2456970214844,135.99598693847656,338.8304748535156
472.0,466.0121765136719,-412.0640869140625,136.0289764404297,337.52374267578125
473.0,467.27484130859375,-412.8787536621094,136.06202697753906,336.2171630859375
474.0,468.5384521484375,-413.6904296875,136.0951385498047,334.9117431640625
475.0,469.80206298828125,-414.4995422363281,136.12850952148438,333.60833740234375
476.0,471.0641784667969,-415.3050842285156,136.1622314453125,332.30859375
477.0,472.3255310058594,-416.10675048828125,136.19619750976562,331.0117492675781
478.0,473.58782958984375,-416.9041442871094,136.23033142089844,329.71624755859375
479.0,474.85186767578125,-417.6959228515625,136.264404296875,328.42138671875
480.0,476.12030029296875,-418.4809875488281,136.29808044433594,327.1246643066406
481.0,477.39202880859375,-419.2599792480469,136.33102416992188,325.82696533203125
482.0,478.6685791015625,-420.034423828125,136.3631134033203,324.5265808105469
483.0,479.9478454589844,-420.8037414550781,136.3943634033203,323.2255859375
484.0,481.2297668457031,-421.56903076171875,136.42483520507812,321.9239501953125
485.0,482.5155334472656,-422.33001708984375,136.45474243164062,320.62060546875
486.0,483.8034362792969,-423.08624267578125,136.48403930664062,319.31719970703125
487.0,485.0957946777344,-423.83941650390625,136.5127410888672,318.0113525390625
488.0,486.39288330078125,-424.5895690917969,136.54083251953125,316.70281982421875
489.0,487.69384765625,-425.33612060546875,136.5682830810547,315.3924255371094
490.0,488.9962463378906,-426.08013916015625,136.59515380859375,314.0824279785156
491.0,490.2989196777344,-426.8218994140625,136.62168884277344,312.7740173339844
492.0,491.6033630371094,-427.5620422363281,136.64816284179688,311.4657287597656
493.0,492.90911865234375,-428.2992248535156,136.674560546875,310.158203125
494.0,494.2157897949219,-429.0335998535156,136.70083618164062,308.85174560546875
495.0,495.5238037109375,-429.7671813964844,136.72705078125,307.5458068847656
496.0,496.83197021484375,-430.4995422363281,136.75514221191406,306.2421569824219
497.0,498.1398620605469,-431.23138427734375,136.78504943847656,304.94110107421875
498.0,499.4491882324219,-431.9625244140625,136.81581115722656,303.64080810546875
499.0,500.7598571777344,-432.6922302246094,136.84698486328125,302.34130859375
500.0,502.070556640625,-433.4191589355469,136.8783416748047,301.0439147949219
501.0,503.3832702636719,-434.14276123046875,136.9097442626953,299.7467346191406
502.0,504.6985778808594,-434.8632507324219,136.9408721923828,298.4491271972656
503.0,506.0184020996094,-435.5806579589844,136.9698944091797,297.148681640625
504.0,507.3439636230469,-436.29498291015625,136.99679565429688,295.84429931640625
505.0,508.67303466796875,-437.00604248046875,137.02224731445312,294.5382385253906
506.0,510.0043640136719,-437.7118835449219,137.04666137695312,293.23199462890625
507.0,511.3369445800781,-438.4125671386719,137.07028198242188,291.92657470703125
508.0,512.6689453125,-439.10791015625,137.09339904785156,290.6238098144531
509.0,514.0025024414062,-439.79833984375,137.11634826660156,289.32171630859375
510.0,515.3386840820312,-440.48406982421875,137.1391143798828,288.0192565917969
511.0,516.6765747070312,-441.1631164550781,137.16163635253906,286.7173767089844
512.0,518.0160522460938,-441.8360595703125,137.18392944335938,285.41619873046875
513.0,519.3558349609375,-442.50408935546875,137.2060546875,284.1168518066406
514.0,520.6956787109375,-443.16864013671875,137.22821044921875,282.819580078125
515.0,522.0379638671875,-443.8280334472656,137.25051879882812,281.522216796875
516.0,523.3831787109375,-444.4812316894531,137.2728729248047,280.224365234375
517.0,524.7305908203125,-445.1279602050781,137.2949981689453,278.926513671875
518.0,526.0790405273438,-445.76922607421875,137.31683349609375,277.62982177734375
519.0,527.4282836914062,-446.407958984375,137.3385009765625,276.3343811035156
520.0,528.7785034179688,-447.0439758300781,137.36016845703125,275.04010009765625
521.0,530.1310424804688,-447.6763610839844,137.3818817138672,273.7457580566406
522.0,531.4842529296875,-448.3037414550781,137.403564453125,272.45294189453125
523.0,532.8372802734375,-448.9266662597656,137.42515563964844,271.1624450683594
524.0,534.189697265625,-449.5456237792969,137.44668579101562,269.8746643066406
525.0,535.5440063476562,-450.1595764160156,137.4683380126953,268.5872802734375
526.0,536.9017333984375,-450.76861572265625,137.48997497558594,267.2988586425781
527.0,538.2630615234375,-451.3734436035156,137.5114288330078,266.00909423828125
528.0,539.6273803710938,-451.9735412597656,137.53269958496094,264.7186584472656
529.0,540.993408203125,-452.5677185058594,137.55381774902344,263.4287109375
530.0,542.3631591796875,-453.1570129394531,137.57464599609375,262.1373596191406
531.0,543.7344360351562,-453.7409973144531,137.5952606201172,260.8466796875
532.0,545.1077270507812,-454.3193359375,137.61575317382812,259.55621337890625
533.0,546.480712890625,-454.89239501953125,137.63607788085938,258.2681579589844
534.0,547.8550415039062,-455.46124267578125,137.6563720703125,256.98101806640625
535.0,549.2316284179688,-456.0260009765625,137.67672729492188,255.69393920898438
536.0,550.6104125976562,-456.5870361328125,137.6971435546875,254.40699768066406
537.0,551.9912109375,-457.14373779296875,137.717529296875,253.120361328125
538.0,553.3739013671875,-457.6954040527344,137.7379150390625,251.83412170410156
539.0,554.7583618164062,-458.24114990234375,137.7581787109375,250.5483856201172
540.0,556.1450805664062,-458.7821350097656,137.7782745361328,249.26268005371094
541.0,557.5344848632812,-459.31878662109375,137.79812622070312,247.97657775878906
542.0,558.9254760742188,-459.8501281738281,137.81777954101562,246.69114685058594
543.0,560.3181762695312,-460.37689208984375,137.83731079101562,245.40628051757812
544.0,561.7134399414062,-460.8977966308594,137.8566436767578,244.12115478515625
545.0,563.10986328125,-461.4129943847656,137.87559509277344,242.83702087402344
546.0,564.5082397460938,-461.9238586425781,137.8942413330078,241.55319213867188
547.0,565.9080810546875,-462.4303894042969,137.91270446777344,240.2701873779297
548.0,567.3099365234375,-462.9328918457031,137.93109130859375,238.987548828125
549.0,568.7137451171875,-463.42950439453125,137.949462890625,237.705322265625
550.0,570.1193237304688,-463.91986083984375,137.9676513671875,236.42359924316406
551.0,571.5255126953125,-464.40435791015625,137.9856719970703,235.1434783935547
552.0,572.9330444335938,-464.88385009765625,138.003662109375,233.86434936523438
553.0,574.342529296875,-465.35931396484375,138.02166748046875,232.5857391357422
554.0,575.7545776367188,-465.8299865722656,138.03970336914062,231.3070831298828
555.0,577.1686401367188,-466.2959899902344,138.0577850341797,230.0288848876953
556.0,578.5838623046875,-466.75634765625,138.0758819580078,228.7519073486328
557.0,580.0013427734375,-467.2098693847656,138.0939483642578,227.47506713867188
558.0,581.4202880859375,-467.65655517578125,138.1117401123047,226.19900512695312
559.0,582.83984375,-468.098388671875,138.12928771972656,224.9246368408203
560.0,584.2603149414062,-468.53662109375,138.1468505859375,223.65185546875
561.0,585.6808471679688,-468.96966552734375,138.16453552246094,222.38140869140625
562.0,587.1006469726562,-469.39617919921875,138.18247985839844,221.114013671875
563.0,588.5225830078125,-469.8160705566406,138.20059204101562,219.8470001220703
564.0,589.9480590820312,-470.23004150390625,138.21859741210938,218.5790557861328
565.0,591.3762817382812,-470.63916015625,138.2364044189453,217.31094360351562
566.0,592.8070068359375,-471.0414733886719,138.25404357910156,216.0427703857422
567.0,594.2395629882812,-471.4371643066406,138.2714385986328,214.77516174316406
568.0,595.6727905273438,-471.8265380859375,138.2886505126953,213.50921630859375
569.0,597.1077270507812,-472.2114562988281,138.30581665039062,212.2442169189453
570.0,598.5449829101562,-472.5934143066406,138.32310485839844,210.97979736328125
571.0,599.9852905273438,-472.9707946777344,138.34060668945312,209.71527099609375
572.0,601.4288330078125,-473.3429260253906,138.3581085205078,208.45034790039062
573.0,602.8753051757812,-473.7098693847656,138.37533569335938,207.18524169921875
574.0,604.3253784179688,-474.07086181640625,138.3921356201172,205.91921997070312
575.0,605.7776489257812,-474.4242858886719,138.40843200683594,204.65341186523438
576.0,607.2313232421875,-474.7693176269531,138.42404174804688,203.3883819580078
577.0,608.6849975585938,-475.1083068847656,138.4390411376953,202.12564086914062
578.0,610.1385498046875,-475.4441223144531,138.45376586914062,200.86573791503906
579.0,611.59228515625,-475.7771301269531,138.46859741210938,199.608642578125
580.0,613.047607421875,-476.1070251464844,138.48367309570312,198.35316467285156
581.0,614.5042724609375,-476.4329528808594,138.4989013671875,197.09945678710938
582.0,615.9625854492188,-476.7544250488281,138.51422119140625,195.8472137451172
583.0,617.4227905273438,-477.0713195800781,138.5296630859375,194.59625244140625
584.0,618.8854370117188,-477.3826904296875,138.54507446289062,193.34597778320312
585.0,620.3497314453125,-477.6890563964844,138.5602569580078,192.09707641601562
586.0,621.8170776367188,-477.99017333984375,138.57522583007812,190.84835815429688
587.0,623.2865600585938,-478.2866516113281,138.5899200439453,189.60067749023438
588.0,624.7578125,-478.57733154296875,138.6042938232422,188.3542938232422
589.0,626.2308349609375,-478.8620300292969,138.61830139160156,187.10916137695312
590.0,627.7062377929688,-479.1419677734375,138.63198852539062,185.864990234375
591.0,629.1848754882812,-479.4179382324219,138.6454620361328,184.62124633789062
592.0,630.66796875,-479.6888122558594,138.65872192382812,183.3767852783203
593.0,632.1543579101562,-479.9541320800781,138.67164611816406,182.13253784179688
594.0,633.6430053710938,-480.21319580078125,138.6842041015625,180.88938903808594
595.0,635.1328125,-480.4659423828125,138.69635009765625,179.64828491210938
596.0,636.6227416992188,-480.7120056152344,138.70811462402344,178.41012573242188
597.0,638.1127319335938,-480.9522705078125,138.71961975097656,177.17518615722656
598.0,639.6036987304688,-481.18603515625,138.73089599609375,175.942626953125
599.0,641.09619140625,-481.4128112792969,138.7417449951172,174.71189880371094
600.0,642.5919799804688,-481.63323974609375,138.75193786621094,173.48150634765625
601.0,644.0906982421875,-481.84619140625,138.76136779785156,172.25161743164062
602.0,645.5916137695312,-482.0526123046875,138.77005004882812,171.02304077148438
603.0,647.0949096679688,-482.25323486328125,138.77821350097656,169.79592895507812
604.0,648.6001586914062,-482.44677734375,138.7859649658203,168.57057189941406
605.0,650.1049194335938,-482.6318054199219,138.79330444335938,167.3488311767578
606.0,651.6093139648438,-482.8075256347656,138.80035400390625,166.13058471679688
607.0,653.1152954101562,-482.97503662109375,138.80711364746094,164.91444396972656
608.0,654.6213989257812,-483.1330871582031,138.81344604492188,163.70138549804688
609.0,656.1268310546875,-483.2807922363281,138.8194580078125,162.4920196533203
610.0,657.633544921875,-483.4166259765625,138.8250732421875,161.2845001220703
611.0,659.1441040039062,-483.54180908203125,138.8300323486328,160.07681274414062
612.0,660.6580200195312,-483.656982421875,138.83445739746094,158.86965942382812
613.0,662.1741943359375,-483.760986328125,138.8384552001953,157.66384887695312
614.0,663.6905517578125,-483.8527526855469,138.8420867919922,156.46096801757812
615.0,665.207275390625,-483.93182373046875,138.84532165527344,155.26083374023438
616.0,666.7241821289062,-483.9980163574219,138.84811401367188,154.06356811523438
617.0,668.2396850585938,-484.05133056640625,138.85049438476562,152.87049865722656
618.0,669.753662109375,-484.0925598144531,138.85272216796875,151.68209838867188
619.0,671.2672729492188,-484.1210021972656,138.85504150390625,150.49749755859375
620.0,672.7800903320312,-484.13665771484375,138.85743713378906,149.3170928955078
621.0,674.2923583984375,-484.13983154296875,138.8599853515625,148.14088439941406
622.0,675.8046875,-484.1309814453125,138.86260986328125,146.96852111816406
623.0,677.3175659179688,-484.110107421875,138.86524963378906,145.79966735839844
624.0,678.8304443359375,-484.0770263671875,138.8677978515625,144.634765625
625.0,680.343505859375,-484.0318298339844,138.87013244628906,143.47373962402344
626.0,681.8573608398438,-483.9747314453125,138.87205505371094,142.3161163330078
627.0,683.371337890625,-483.9062805175781,138.8734893798828,141.1626434326172
628.0,684.8840942382812,-483.8263244628906,138.8745574951172,140.01443481445312
629.0,686.3956909179688,-483.7354736328125,138.87545776367188,138.87184143066406
630.0,687.9061889648438,-483.63262939453125,138.87608337402344,137.73463439941406
631.0,689.4164428710938,-483.5175476074219,138.8761444091797,136.6020965576172
632.0,690.9258422851562,-483.3902282714844,138.8754425048828,135.4746551513672
633.0,692.43359375,-483.25079345703125,138.87387084960938,134.3529815673828
634.0,693.9381713867188,-483.0990295410156,138.8712615966797,133.23814392089844
635.0,695.4395751953125,-482.93536376953125,138.8675079345703,132.13026428222656
636.0,696.9378662109375,-482.7601013183594,138.86280822753906,131.0296173095703
637.0,698.4329833984375,-482.57330322265625,138.8573760986328,129.93649291992188
638.0,699.9247436523438,-482.37457275390625,138.8513641357422,128.85122680664062
639.0,701.4114379882812,-482.16400146484375,138.84451293945312,127.77494049072266
640.0,702.8931884765625,-481.9425048828125,138.8366241455078,126.70770263671875
641.0,704.37060546875,-481.7098083496094,138.82785034179688,125.64928436279297
642.0,705.8430786132812,-481.46661376953125,138.81845092773438,124.60054779052734
643.0,707.3115234375,-481.21337890625,138.8087921142578,123.5613784790039
644.0,708.7769775390625,-480.9502258300781,138.79917907714844,122.531494140625
645.0,710.240478515625,-480.6772766113281,138.7893829345703,121.51026916503906
646.0,711.7005615234375,-480.3950500488281,138.77879333496094,120.49851989746094
647.0,713.1566772460938,-480.1027526855469,138.76695251464844,119.49628448486328
648.0,714.6083374023438,-479.80059814453125,138.7534942626953,118.50379943847656
649.0,716.0577392578125,-479.48822021484375,138.738037109375,117.51950073242188
650.0,717.507568359375,-479.16412353515625,138.72018432617188,116.54132843017578
651.0,718.9568481445312,-478.8282775878906,138.6994171142578,115.56974792480469
652.0,720.4043579101562,-478.4814453125,138.67576599121094,114.60592651367188
653.0,721.8504638671875,-478.1243896484375,138.64988708496094,113.65052795410156
654.0,723.2944946289062,-477.75799560546875,138.62277221679688,112.70516204833984
655.0,724.7374267578125,-477.3843994140625,138.5951690673828,111.7705307006836
656.0,726.178955078125,-477.004638671875,138.56704711914062,110.8472900390625
657.0,727.6195068359375,-476.6180114746094,138.53805541992188,109.93507385253906
658.0,729.0584106445312,-476.2237548828125,138.50787353515625,109.03416442871094
659.0,730.49462890625,-475.8215026855469,138.4759063720703,108.1448745727539
660.0,731.9268188476562,-475.4110412597656,138.44187927246094,107.26792907714844
661.0,733.355224609375,-474.99249267578125,138.4060821533203,106.4037094116211
662.0,734.7806396484375,-474.5663757324219,138.36903381347656,105.55258178710938
663.0,736.203857421875,-474.1336669921875,138.33041381835938,104.7143325805664
664.0,737.6270141601562,-473.6938781738281,138.2894744873047,103.88748168945312
665.0,739.048583984375,-473.2485046386719,138.2457275390625,103.07298278808594
666.0,740.4695434570312,-472.79913330078125,138.19908142089844,102.27084350585938
667.0,741.8905639648438,-472.34619140625,138.14987182617188,101.48143768310547
668.0,743.312255859375,-471.8897705078125,138.098876953125,100.7055435180664
669.0,744.7349243164062,-471.428955078125,138.04689025878906,99.9439697265625
670.0,746.1583862304688,-470.96319580078125,137.99383544921875,99.19707489013672
671.0,747.5831909179688,-470.4933776855469,137.93959045410156,98.46509552001953
672.0,749.0111694335938,-470.0200500488281,137.88473510742188,97.74832916259766
673.0,750.44287109375,-469.5445251464844,137.830322265625,97.0482177734375
674.0,751.87744140625,-469.06787109375,137.7772674560547,96.36663055419922
675.0,753.3136596679688,-468.58892822265625,137.72605895996094,95.70487213134766
676.0,754.7532958984375,-468.1077575683594,137.6766815185547,95.06280517578125
677.0,756.19677734375,-467.623779296875,137.6298065185547,94.44141387939453
678.0,757.6431884765625,-467.1367492675781,137.5860595703125,93.84220123291016
679.0,759.0908203125,-466.64727783203125,137.54559326171875,93.26654052734375
680.0,760.540283203125,-466.1556701660156,137.50845336914062,92.71485137939453
681.0,761.9931030273438,-465.6609802246094,137.4741973876953,92.18669128417969
682.0,763.450927734375,-465.1628723144531,137.4423065185547,91.68169403076172
683.0,764.913330078125,-464.662109375,137.41249084472656,91.20045471191406
684.0,766.3812255859375,-464.15924072265625,137.38494873046875,90.74359893798828
685.0,767.8536376953125,-463.6558837890625,137.36016845703125,90.31266021728516
686.0,769.3306274414062,-463.15203857421875,137.33897399902344,89.90901184082031
687.0,770.8126220703125,-462.64837646484375,137.32200622558594,89.53385925292969
688.0,772.2982788085938,-462.1437683105469,137.30967712402344,89.18836975097656
689.0,773.7862548828125,-461.63690185546875,137.30210876464844,88.87337493896484
690.0,775.2772216796875,-461.12884521484375,137.29953002929688,88.58952331542969
691.0,776.7716064453125,-460.6195373535156,137.30282592773438,88.33810424804688
692.0,778.2667846679688,-460.10687255859375,137.31199645996094,88.11981964111328
693.0,779.761474609375,-459.5912170410156,137.3266143798828,87.93475341796875
694.0,781.2564697265625,-459.0733642578125,137.34556579589844,87.78199005126953
695.0,782.7505493164062,-458.5514831542969,137.36740112304688,87.66035461425781
696.0,784.243896484375,-458.02581787109375,137.39102172851562,87.56889343261719
697.0,785.7359619140625,-457.4931335449219,137.41555786132812,87.5068359375
698.0,787.2225952148438,-456.94512939453125,137.43997192382812,87.47328186035156
699.0,788.6976318359375,-456.3681640625,137.4638214111328,87.46781158447266
700.0,790.1229248046875,-455.7234191894531,137.48492431640625,87.48802185058594
701.0,791.4248046875,-455.0599670410156,137.48147583007812,87.5089340209961
702.0,792.5713500976562,-454.4267883300781,137.43930053710938,87.50927734375
703.0,793.571044921875,-453.824951171875,137.3587188720703,87.4830322265625
704.0,794.4300537109375,-453.25439453125,137.2407989501953,87.42603302001953
705.0,795.1551513671875,-452.7152404785156,137.08648681640625,87.33497619628906
706.0,795.7517700195312,-452.2088317871094,136.896728515625,87.20731353759766
707.0,796.225341796875,-451.736572265625,136.67233276367188,87.04106140136719
708.0,796.581787109375,-451.2992858886719,136.41415405273438,86.8349838256836
709.0,796.8282470703125,-450.89959716796875,136.12290954589844,86.58830261230469
710.0,796.9710083007812,-450.5401611328125,135.79934692382812,86.3006591796875
711.0,797.0159912109375,-450.2234191894531,135.4440155029297,85.97189331054688
712.0,796.9696044921875,-449.95208740234375,135.0574188232422,85.60218048095703
713.0,796.8390502929688,-449.72845458984375,134.6400146484375,85.19203186035156
714.0,796.631103515625,-449.556884765625,134.19229125976562,84.74205780029297
715.0,796.3530883789062,-449.4413146972656,133.71473693847656,84.25315856933594
716.0,796.01318359375,-449.3847351074219,133.20791625976562,83.72657012939453
717.0,795.6204833984375,-449.3907470703125,132.67251586914062,83.16385650634766
718.0,795.1834716796875,-449.461669921875,132.10939025878906,82.56684112548828
719.0,794.7095947265625,-449.59954833984375,131.5194854736328,81.93748474121094
720.0,794.2073364257812,-449.8049011230469,130.9038848876953,81.27815246582031
721.0,793.6857299804688,-450.0774841308594,130.26412963867188,80.59176635742188
722.0,793.153564453125,-450.4161376953125,129.60194396972656,79.88150024414062
723.0,792.6192016601562,-450.8208923339844,128.91880798339844,79.1501235961914
724.0,792.0912475585938,-451.2912902832031,128.21621704101562,78.4004898071289
725.0,791.5789184570312,-451.82379150390625,127.495849609375,77.63577270507812
726.0,791.091552734375,-452.4140930175781,126.75943756103516,76.859130859375
727.0,790.635986328125,-453.05853271484375,126.00852966308594,76.07333374023438
728.0,790.2183227539062,-453.7537536621094,125.24439239501953,75.28076171875
729.0,789.8441162109375,-454.4952392578125,124.46817779541016,74.48365783691406
730.0,789.5186767578125,-455.2787780761719,123.68099975585938,73.68415832519531
731.0,789.2489013671875,-456.0975341796875,122.88447570800781,72.88482666015625
732.0,789.0192260742188,-456.8519592285156,122.09854888916016,72.10527038574219
733.0,788.8201904296875,-457.4835205078125,121.33372497558594,71.35266876220703
734.0,788.657470703125,-458.0002746582031,120.58673858642578,70.62053680419922
735.0,788.536376953125,-458.40777587890625,119.85420227050781,69.90290069580078
736.0,788.4610595703125,-458.7127380371094,119.1324234008789,69.19412994384766
737.0,788.4346923828125,-458.92205810546875,118.41732025146484,68.48880004882812
738.0,788.457275390625,-459.04095458984375,117.70372772216797,67.78094482421875
739.0,788.5211181640625,-459.0711364746094,116.98511505126953,67.06366729736328
740.0,788.6152954101562,-459.0167541503906,116.24787902832031,66.32355499267578
741.0,788.6912841796875,-458.8971862792969,115.46940612792969,65.53960418701172
742.0,788.7011108398438,-458.7576904296875,114.64612579345703,64.7109146118164
743.0,788.6495971679688,-458.604736328125,113.79254913330078,63.85227584838867
744.0,788.5654296875,-458.448974609375,112.92208862304688,62.97737121582031
745.0,788.4373779296875,-458.266845703125,112.04232025146484,62.09323501586914
746.0,788.3124389648438,-458.0806579589844,111.15740966796875,61.20445251464844
747.0,788.1647338867188,-457.8642883300781,110.26966094970703,60.31305694580078
748.0,788.0432739257812,-457.65447998046875,109.38526153564453,59.425628662109375
749.0,787.9112548828125,-457.4208068847656,108.50037384033203,58.538291931152344
750.0,787.805419921875,-457.18743896484375,107.62268829345703,57.658592224121094
751.0,787.7088012695312,-456.95635986328125,106.7444076538086,56.77915573120117
752.0,787.648681640625,-456.73687744140625,105.86766052246094,55.90132522583008
753.0,787.6057739257812,-456.50341796875,104.98804473876953,55.02082443237305
754.0,787.5886840820312,-456.2929382324219,104.10792541503906,54.14008712768555
755.0,787.58203125,-456.0564270019531,103.22492980957031,53.25687789916992
756.0,787.5812377929688,-455.8440856933594,102.34700775146484,52.37953567504883
757.0,787.5850219726562,-455.6121826171875,101.46831512451172,51.502281188964844
758.0,787.5933227539062,-455.405029296875,100.59300231933594,50.62907791137695
759.0,787.6054077148438,-455.17816162109375,99.71755981445312,49.7568473815918
760.0,787.6390991210938,-454.9658203125,98.84417724609375,48.886756896972656
761.0,787.6893920898438,-454.7437438964844,97.96752166748047,48.014122009277344
762.0,787.771484375,-454.5417785644531,97.09156036376953,47.14169692993164
763.0,787.8748779296875,-454.3584289550781,96.21249389648438,46.265968322753906
764.0,788.0223999023438,-454.1842041015625,95.3311767578125,45.38735580444336
765.0,788.20361328125,-454.056884765625,94.44696044921875,44.50416564941406
766.0,788.4262084960938,-453.9440612792969,93.56083679199219,43.61859893798828
767.0,788.6756591796875,-453.8814392089844,92.67660522460938,42.73345947265625
768.0,788.9340209960938,-453.8773193359375,91.79141998291016,41.845863342285156
769.0,789.2146606445312,-453.9255065917969,90.90530395507812,40.95611572265625
770.0,789.4379272460938,-454.0101318359375,90.0196762084961,40.06687545776367
771.0,789.6614990234375,-454.1092834472656,89.14179992675781,39.18598175048828
772.0,789.888671875,-454.26519775390625,88.27265930175781,38.31273651123047
773.0,790.0357055664062,-454.40972900390625,87.41779327392578,37.45466232299805
774.0,790.1334838867188,-454.468994140625,86.55978393554688,36.59682846069336
775.0,790.2651977539062,-454.47564697265625,85.68891906738281,35.72945022583008
776.0,790.4551391601562,-454.4902038574219,84.81123352050781,34.857276916503906
777.0,790.6723022460938,-454.5348815917969,83.92823791503906,33.980865478515625
778.0,790.8992919921875,-454.6113586425781,83.04212951660156,33.102317810058594
779.0,791.1303100585938,-454.72845458984375,82.15431213378906,32.222900390625
780.0,791.3482055664062,-454.8810729980469,81.2656478881836,31.34320831298828
781.0,791.546875,-455.06573486328125,80.37660217285156,30.463682174682617
782.0,791.7211303710938,-455.28826904296875,79.48739624023438,29.584266662597656
783.0,791.8604736328125,-455.54632568359375,78.59811401367188,28.70465087890625
784.0,791.9599609375,-455.8620910644531,77.71454620361328,27.83051872253418
785.0,791.9783935546875,-456.2078552246094,76.83216094970703,26.9547061920166
786.0,791.9486083984375,-456.4982604980469,75.9465103149414,26.074758529663086
787.0,791.8974609375,-456.69256591796875,75.06173706054688,25.194358825683594
788.0,791.8213500976562,-456.89324951171875,74.18065643310547,24.3173828125
789.0,791.6688232421875,-457.11444091796875,73.31119537353516,23.447790145874023
790.0,791.4229125976562,-457.295654296875,72.44166564941406,22.570444107055664
791.0,791.09912109375,-457.44744873046875,71.56307220458984,21.679553985595703
792.0,790.750244140625,-457.5242919921875,70.68862915039062,20.79048728942871
793.0,790.4590454101562,-457.53924560546875,69.82435607910156,19.914552688598633
794.0,790.150634765625,-457.5078430175781,68.9716567993164,19.049039840698242
795.0,789.857666015625,-457.4201965332031,68.1350326538086,18.199359893798828
796.0,789.6480102539062,-457.2926330566406,67.3083267211914,17.3614444732666
797.0,789.4900512695312,-457.0968933105469,66.48886108398438,16.528535842895508
798.0,789.3955078125,-456.8567199707031,65.67143249511719,15.697419166564941
799.0,789.3094482421875,-456.55694580078125,64.85397338867188,14.866631507873535
800.0,789.2589721679688,-456.2074279785156,64.04106903076172,14.044315338134766
801.0,789.28369140625,-455.8785400390625,63.24064254760742,13.241599082946777
802.0,789.3644409179688,-455.6140441894531,62.45709991455078,12.461885452270508
803.0,789.446044921875,-455.4360656738281,61.68282699584961,11.694336891174316
804.0,789.4764404296875,-455.3406677246094,60.909423828125,10.92679500579834
805.0,789.44873046875,-455.32135009765625,60.132598876953125,10.152379035949707
806.0,789.4392700195312,-455.3266296386719,59.976680755615234,9.996417045593262
